<?xml version="1.0" encoding="utf-8"?>
<root>
   <api_version>1.3</api_version>
   <response_code>200</response_code>
   <total>1</total>
   <result>
     <geoObject>
       <id>282084862066691</id>
       <project_id>2</project_id>
       <type>district</type>
       <name>Омск, Центральный</name>
       <short_name>Центральный</short_name>
       <selection>POLYGON((73.5647373867461 54.9934461856702,73.5619837119576 55.0074486369612,73.5553785959371 55.0070421672712,73.5518846823587 55.0067240877997,73.5439071363967 55.0059086194648,73.5398635533743 55.005338526731,73.531281476608 55.0037162574451,73.5271863927457 55.0029664487127,73.51587009002 55.008175460257,73.5221784429292 55.0090523122729,73.5254116969906 55.0095012797892,73.5253792040955 55.0100330313562,73.5224241675813 55.011564406839,73.5195087899242 55.0142458658056,73.5183393627133 55.0140344464478,73.5167647988358 55.0174218564872,73.5174806209103 55.0173307299949,73.5175924479227 55.0173267000083,73.5176946562946 55.0173332477763,73.5177849899028 55.0173436951452,73.5181068702603 55.0173865313037,73.5182438967955 55.0173947608939,73.5183673965753 55.0173923103312,73.5186541124946 55.0173156334825,73.5188273313471 55.0172882634695,73.5189863374916 55.0172688088982,73.5208683974169 55.0172275322132,73.5209754915071 55.0172288340375,73.5211424407855 55.0172442545224,73.5212627615603 55.0172644106836,73.5215114440542 55.0173369953131,73.5216966053463 55.0173633313548,73.5218775271319 55.0173816168091,73.5221190947212 55.0173925499373,73.5222723289292 55.0174024098292,73.5224023253916 55.017414683563,73.5233566488082 55.0176643454844,73.5237186895791 55.017759511499,73.5241206364885 55.0179009962872,73.5244921245644 55.0180499294243,73.5252119505649 55.0184758518965,73.5253590798988 55.0185924942045,73.5254596467465 55.0187035391249,73.52554382341 55.0188222043955,73.525784380342 55.0193681384983,73.5258489136971 55.0195106517989,73.5259380163483 55.0196187712991,73.5260523981345 55.0197456211356,73.5262163826661 55.0198976072805,73.5265481158634 55.0202909592905,73.5270504520209 55.0208865251409,73.5271003632804 55.020924606788,73.5271507079039 55.020946606202,73.5272480388506 55.02095847928,73.5272990686818 55.0209617931204,73.5273736508369 55.0209626957563,73.5274428952284 55.0209769249853,73.5279389600566 55.0211594398331,73.5280124084888 55.0211870209519,73.5281004164228 55.0212014767831,73.5281564303394 55.0211968517601,73.5286874182341 55.0213613617518,73.5292857123936 55.0220075988002,73.5292981614755 55.0220478330762,73.5293107636536 55.0220881590747,73.5293132423141 55.0221443602928,73.5293024512644 55.022187009902,73.5293188084135 55.0222486814235,73.5295889998168 55.0226237554501,73.5296611760847 55.0226861912849,73.5297105066926 55.0227402623779,73.5297782883868 55.022794556381,73.5304931671529 55.0233595115765,73.5306660046783 55.0234713348119,73.5307981132123 55.0235504911674,73.531453483204 55.0239595995259,73.5316499612582 55.0240582255243,73.5318101623002 55.0241350235095,73.5319798820083 55.0242039373298,73.5321686010231 55.0242623850868,73.5337011433426 55.0247490147286,73.53387673412 55.0247858217423,73.5340527121497 55.0248120280438,73.5345079264296 55.0248385415416,73.5371079106235 55.025059369374,73.5409952320466 55.0253894111991,73.541456094694 55.0254631500976,73.5419257443825 55.0255620673142,73.5424365970785 55.0257025485472,73.5431612197203 55.0259189239907,73.5434405285989 55.0259864373442,73.5437689766736 55.0260147240157,73.5440932580665 55.0260155484507,73.5444011461531 55.0260283987648,73.5446622977452 55.0260660337676,73.5454420601381 55.0262291306789,73.5457685247885 55.0262647578692,73.5460588839218 55.0262649020483,73.5463277059823 55.0262290185198,73.5467399746101 55.0260594977319,73.5470626751914 55.0259699722832,73.5474332660792 55.0259274823536,73.5484729070077 55.0259473471837,73.5489281293111 55.0258833038703,73.5505831532048 55.0254152831629,73.5536846183798 55.0245381694741,73.5545626487659 55.0244486625598,73.555642348061 55.0244542028811,73.5564856037108 55.0245703495623,73.5571098010507 55.0247400641432,73.5576009000545 55.0249830626256,73.5579385065992 55.0252617175263,73.5517393596284 55.0336593143749,73.5496765537885 55.0367042909481,73.5434309881603 55.0414616689703,73.5289354758238 55.0532407143417,73.524867874554 55.0575342748327,73.5252773189449 55.0593735549735,73.5248171935525 55.0606110214842,73.5178829799984 55.0596923245012,73.5232026885191 55.0627075204511,73.5239409516366 55.0631259371495,73.5387152590408 55.0700834827803,73.5412779490493 55.0712899326254,73.5380059321383 55.073575529176,73.5328361025339 55.0718994924776,73.5303793639349 55.0736150250574,73.514235671087 55.0659647268429,73.5085047511821 55.0632508411039,73.505755149353 55.0630115840729,73.5037085327235 55.0621002023183,73.5048492646596 55.0614744951789,73.5055729856037 55.0610588172293,73.5058582902907 55.0608399712655,73.5061427324179 55.0605475074141,73.5087247976694 55.0576362461707,73.5106106891496 55.0565269235939,73.497585115658 55.0491892550298,73.4892990575486 55.0445098550744,73.4881186994467 55.0439876791735,73.4745482921006 55.0390604923582,73.4696697147425 55.0385039489302,73.4651130336551 55.038532308907,73.4492424349191 55.0462648285095,73.4382392688358 55.0515885413071,73.4462108407782 55.0559820757115,73.4349514140322 55.062713266991,73.434031070992 55.0621091572029,73.428899647727 55.0650391128253,73.4261828478261 55.0664500203409,73.4261515753257 55.0663609994548,73.425808915394 55.0653559023598,73.4253750722666 55.0642765564209,73.4251894347511 55.0639393711996,73.4249523064559 55.0635457071811,73.4247346972724 55.063253224772,73.4244786091696 55.0629677036001,73.4242412208004 55.0627523466085,73.4234624550013 55.062155740254,73.4230678366312 55.0618534128155,73.4192302002701 55.0595723149717,73.4189906215145 55.0597116558098,73.4157755792732 55.0586449237581,73.3864252351284 55.0502213131082,73.3863749382669 55.0502068953708,73.3852518478765 55.0500485601659,73.3849288302822 55.0500386124564,73.3848419769336 55.0500223608875,73.3847671020922 55.049992427348,73.3793970309176 55.0462412623988,73.378767696382 55.0458057013825,73.3785874082322 55.0456809787587,73.3727491937503 55.0416109534061,73.3723326294245 55.04120795137,73.3723002113521 55.0411775890996,73.3659129569682 55.0367445092385,73.3651471413416 55.0361744750762,73.3595348189718 55.0322564696011,73.3588544813265 55.0316896136394,73.352585415795 55.0272469753983,73.3524552416669 55.0271974885458,73.3523085701766 55.0271725840912,73.352135096514 55.0271831772428,73.348753788099 55.0279176488111,73.3486154246395 55.027968438852,73.3484986349553 55.0280386652472,73.3470420260177 55.029680166642,73.3458322826952 55.0293297465963,73.3450610023436 55.0291037355981,73.3436055091096 55.0286770607363,73.3441428504444 55.0280952324014,73.3436764400595 55.0278223105978,73.3427534229694 55.0271531044165,73.3426780781841 55.0270984218749,73.3368963200646 55.0290734015067,73.3370983542626 55.0283016945873,73.3377562899064 55.0258973130217,73.3379375060331 55.0251930872698,73.3383746130292 55.0234955323216,73.3392601904498 55.0204470474631,73.3397406418417 55.0186328793447,73.3397942887749 55.0183416014931,73.3398078407813 55.0182332151756,73.3398138372212 55.0181297588638,73.3398064947119 55.0180387033,73.3397888785312 55.017942654198,73.3397547891225 55.0178553679928,73.3397010921431 55.0177732068248,73.3396306495091 55.0176912664954,73.3395472878778 55.0176115764894,73.3394838123733 55.0175540877815,73.3393991653981 55.017494153037,73.3390911717685 55.0172938376593,73.3409367871884 55.0161827950762,73.3436394837804 55.0145124088202,73.3462926022111 55.0130340755426,73.3467164954641 55.0127896195515,73.3468713509372 55.0126978924095,73.3502340593264 55.0105271766077,73.3476438257421 55.0091986062168,73.3495431124357 55.0076567560247,73.3506344549405 55.0067810574732,73.3538001815397 55.0042408776064,73.3546049631183 55.003592339335,73.3552543614226 55.0030262691598,73.355387553094 55.0029199481085,73.3570858769673 55.001563467649,73.3550469214361 55.0007747457815,73.3531116723967 55.0000249617271,73.3501477267751 54.9988754462743,73.3457050754298 54.9972332720648,73.3456172478107 54.9971906442436,73.3422550963268 54.9955020956046,73.3466805189868 54.9929363900655,73.3542624864724 54.9870685048007,73.359358860358 54.9840583536577,73.3618597833061 54.9830102164536,73.3670594372826 54.9812553720191,73.3687031482815 54.9802495091369,73.3696603057915 54.9790389399845,73.3730003688089 54.9725124106488,73.3760233802094 54.968841082542,73.3764407183014 54.9675540450305,73.3765542064274 54.9661115966153,73.3761907489826 54.9622496705114,73.3764612871199 54.9598795400746,73.3774035127215 54.9551459782789,73.3774122362675 54.9545032035238,73.3794138402106 54.9546013540426,73.3794915661224 54.9546102993023,73.379902898368 54.9546574844431,73.3802764610763 54.9547002103934,73.3817182809696 54.954951833381,73.3825585909127 54.9550660150636,73.3830377955284 54.9551033072578,73.3850672212638 54.9552603342205,73.3850712125489 54.955242591589,73.3851880868687 54.9547271714078,73.3852036204838 54.9546591610722,73.3852543407615 54.9547028858481,73.3853427134759 54.9547306631876,73.385440816661 54.9547416728082,73.3869445125545 54.9548490837033,73.3879135943832 54.954824908435,73.3898401047464 54.9549624256938,73.3922796502077 54.955131414033,73.3920411499802 54.9557850802969,73.3919717318354 54.9558378186639,73.3918676515377 54.95587077497,73.391739819628 54.9558962268392,73.3916109182218 54.9559328091631,73.3915524348457 54.9559815576185,73.3913466496244 54.9566095011807,73.3913045136155 54.9566868669237,73.3912060796225 54.9568090552796,73.3911580726181 54.9568691767944,73.3911378614911 54.956945035075,73.3911165342129 54.9570253724266,73.3911334310395 54.9571262581598,73.3911608659379 54.9571940288865,73.3912373698751 54.9572689200536,73.3913188497666 54.9573170038182,73.3914398966803 54.9573598589119,73.3915806878281 54.9573854490981,73.3943173831355 54.9577244186424,73.3947450901844 54.957777341825,73.3958933891045 54.9579018779964,73.3957700744814 54.9582763854134,73.3953166431473 54.9598326403389,73.3948499595662 54.9614343758912,73.394585928112 54.9623405328122,73.3944004048764 54.9628876795212,73.3946472001635 54.9629113403342,73.3943869509932 54.9637888759655,73.3943956269126 54.9638337491614,73.3945010578998 54.9638339729661,73.3946024056572 54.9638504104594,73.3946923718229 54.9638819766471,73.3950043835429 54.9640409533331,73.3951319623348 54.9640929683178,73.3952636910513 54.9641310171652,73.3954191326235 54.9641620089119,73.3962160102448 54.9642311221825,73.3964758419038 54.9642728366361,73.3967445866355 54.9643496301014,73.397003374194 54.9644528951998,73.3972443617703 54.9645756081024,73.3986837797629 54.9654448070095,73.3988833357785 54.9655294024725,73.3990961885561 54.9656017696915,73.3993356531641 54.9656570507895,73.3995549544738 54.9656772837456,73.3997792573165 54.9656778092641,73.3999913536535 54.9656631643435,73.4001771929605 54.9656409834497,73.3998202935711 54.967714324872,73.3996356477329 54.9690419788998,73.3994424778579 54.9701593887753,73.3992014378602 54.9715529879311,73.3988055388475 54.9736730868588,73.3987375852741 54.9738376548181,73.3984791436761 54.9756554199572,73.4052093369139 54.9760440555826,73.4111419271738 54.9763862184574,73.4201246474831 54.9769019401873,73.4287786419563 54.9773981001422,73.4353401897024 54.9777738073566,73.4392149610379 54.9780682409711,73.4474859234202 54.9785042241672,73.4476425648785 54.978522760902,73.4477335916198 54.9785530425532,73.4477963565829 54.978598961307,73.4478178076751 54.9786909982577,73.4480196543289 54.9833786166258,73.4480577325896 54.9834812912038,73.4481666336352 54.9835670740716,73.4483754160879 54.9836443347046,73.448582793804 54.9836769987118,73.4547761391366 54.9839452122472,73.4643455255242 54.9842978457067,73.4661405047345 54.9853621527391,73.4701787094025 54.9851359276589,73.4720256265992 54.9850397003813,73.4740840091271 54.9849553555334,73.4746251647184 54.9845450325028,73.4748595577724 54.9845665761785,73.4750947207962 54.9845678172375,73.4753556093812 54.9845541914102,73.4772857386584 54.9844096759336,73.4775996704906 54.9843737013224,73.4778802885814 54.9843259847019,73.4791201001825 54.9839910711306,73.4792636297871 54.9839646450461,73.4794015220276 54.9839591791189,73.4795309449753 54.9839751772146,73.4796351503961 54.9840009259648,73.4797314165076 54.9840423934265,73.4798509278952 54.9841263028388,73.4809612363716 54.9849066312248,73.4810647517188 54.9850045398972,73.4811846702128 54.9851895626376,73.4812852223373 54.9853701192887,73.4813362761077 54.9854915490453,73.4813679158608 54.985626307525,73.4813624649557 54.9859196819637,73.4817744862656 54.9854052573796,73.4818469375552 54.9853117928082,73.4819214069578 54.9852393841786,73.48214341682 54.9850591691487,73.4823447139437 54.9852828639798,73.4825202309581 54.9854152831259,73.4826879042718 54.9855029361937,73.4828852241058 54.9855753205499,73.4831071745403 54.9856328228692,73.4872243260673 54.9864053494253,73.4876322690112 54.9865087460377,73.4879177710699 54.9866097203749,73.4881738851302 54.9867441217719,73.4938523525037 54.9905753009853,73.4951064058061 54.991277287763,73.4956538832533 54.9914006278315,73.4965806524057 54.9900419433764,73.4971981786117 54.9901810616327,73.4988148974968 54.9878101737315,73.5007521479611 54.9849691259685,73.4978615414993 54.9840800068053,73.4887698208721 54.9779301036457,73.4908577640916 54.9768719572303,73.4959963722133 54.97203580323,73.4980496787478 54.9717583019203,73.4982725983671 54.9717171959569,73.4986071713413 54.9717068573467,73.5008044313404 54.971854488626,73.5011493564494 54.9718640431657,73.5017501695282 54.9696880211108,73.5018806135419 54.9691761716346,73.5069657217633 54.9696484543364,73.5139354890636 54.9702953688302,73.5142272981242 54.9698094756165,73.514328608887 54.9696847087437,73.5145939470088 54.9693528065426,73.514721023353 54.9691732607366,73.5147992015382 54.9690233155633,73.5147756281496 54.968929737437,73.5152374264533 54.9684469964596,73.5156399035095 54.9678357274482,73.5171830747071 54.9639931672189,73.5297607821535 54.9656153537637,73.524222241749 54.9801957804842,73.5469717825188 54.9835749540416,73.5574991181851 54.9851655750002,73.5792194951144 54.993772671042,73.5647373867461 54.9934461856702))</selection>
       <centroid>POINT(73.4273809286373 55.0105380236939)</centroid>
     </geoObject>
   </result>
</root>