<?xml version="1.0" encoding="utf-8"?>
<root>
   <api_version>1.3</api_version>
   <response_code>200</response_code>
   <total>6</total>
   <result>
     <geoObject>
       <id>282084862066689</id>
       <project_id>2</project_id>
       <type>district</type>
       <name>Омск, Ленинский</name>
       <short_name>Ленинский</short_name>
       <selection>MULTIPOLYGON(((73.43269732622 54.8448792205738,73.434068678346 54.8457194781266,73.4395902192879 54.846948464774,73.4454541063797 54.8472263624499,73.4629603330259 54.8468736760321,73.4744544511076 54.8480167321103,73.4766369689533 54.8481353611114,73.4783699121908 54.8481151193236,73.47908090431 54.8492878467365,73.4794556225494 54.8503408666258,73.4723049112285 54.8626662790531,73.4360681355269 54.8557376743981,73.4304861692333 54.8541872512302,73.4200809938229 54.8643887032521,73.4211741783096 54.8670737272001,73.4259764309543 54.868598105021,73.4425613389918 54.8764905982689,73.4452215216931 54.8782439421988,73.4395946549703 54.8809088143728,73.443708646736 54.8837794253907,73.4472461030045 54.8820480970785,73.4477011811808 54.8818160091068,73.4480681212685 54.8815569986169,73.4483814039655 54.8814001210135,73.4485891775607 54.8813642177531,73.4487780564657 54.881385953685,73.457475758525 54.8771868501262,73.4613626966396 54.8754972128821,73.4632825066824 54.8745950668571,73.4671168158968 54.8711908978402,73.4705020390475 54.872538860621,73.4726139931274 54.8707748221142,73.4880748945863 54.8650541236364,73.5844549710365 54.8338246876951,73.5910872354633 54.8363035941101,73.6102640218796 54.8525810613314,73.6234791921566 54.8645058543428,73.6305309534719 54.8700608443693,73.6505820659484 54.8615513563477,73.6534403326214 54.8638277918597,73.6606883607022 54.869707361509,73.6080737749169 54.8903965236905,73.6028223932711 54.8859660733395,73.6008969058218 54.8864011953842,73.5970827769617 54.8811065264878,73.5660198446116 54.8827855749365,73.5442992477747 54.8846632001826,73.5415185592259 54.8845065352476,73.5412665189348 54.8844923641828,73.5383264990505 54.8844182856439,73.5363065104803 54.8844796136938,73.5347935309202 54.8845656291983,73.5329104479784 54.8847459300429,73.5309748015668 54.8849907261438,73.5291233824188 54.88533213943,73.5272219428581 54.8857574914683,73.5255835825346 54.8861627295753,73.5238887952853 54.8866008736997,73.5224895720935 54.8870219182492,73.5058457539209 54.8927287727832,73.5050753525531 54.8929927880039,73.5038581338195 54.8933763140984,73.5015507750974 54.8940534935027,73.5004332372697 54.8943586746609,73.4992455612283 54.8946583056385,73.4993071202092 54.9006305280451,73.5050822825806 54.9030642064647,73.5229442055316 54.9065643889678,73.5120181923421 54.9184396485848,73.5131263023688 54.9187570814938,73.5209741381705 54.919492403578,73.5273753627916 54.9211711833177,73.5280184926535 54.9235405414298,73.5247780834243 54.9281181504627,73.5251184209784 54.9302134111482,73.5230805196923 54.9341074095036,73.5230184860476 54.9342582753878,73.5229515307492 54.9343815795825,73.5227409824214 54.9347515540197,73.5226570560067 54.9348991877522,73.5226081389792 54.9350626156434,73.5223888000086 54.9357955788932,73.5222836678507 54.9361467917787,73.5298183668649 54.936238968494,73.5309022434851 54.9374865090257,73.530838445125 54.9392319224188,73.5242452887518 54.9391698512358,73.5181080932085 54.9385275339098,73.4826356882833 54.9350046417453,73.4809040803346 54.9348324702014,73.4759367391136 54.9342135046628,73.4710183663982 54.9335749086975,73.4653297547648 54.9329391519656,73.4608816633 54.9324763062746,73.445370316725 54.9308784362989,73.4383208051081 54.9301514640546,73.4339540025014 54.9297046709722,73.4324566254924 54.9295883905209,73.431429749194 54.9298427945585,73.4309081614797 54.9299546989767,73.4284690097494 54.9305994164238,73.4279869166356 54.9307546902761,73.4275211121558 54.9309044208719,73.4272033680761 54.9310275748809,73.4271539211411 54.9310467977472,73.4269623845683 54.9309795177694,73.4267404333354 54.9309557036301,73.4265063959653 54.930973615171,73.4262848673545 54.9310269199128,73.4255695700794 54.9313262027937,73.4252909888665 54.9314534542393,73.4250716501759 54.9315784169371,73.4248785361641 54.9317032697305,73.4233110955336 54.9330852931029,73.4218133897973 54.9344057378189,73.4210252637151 54.9350713750731,73.4204479527939 54.9355590049987,73.4202025821062 54.9357776318663,73.4187906206948 54.9370360610412,73.4181662205952 54.9375924526206,73.4166437725103 54.9390333073094,73.4159126613277 54.9396895885706,73.4144709087414 54.9409839804397,73.4137431270491 54.9416371466622,73.4130324450922 54.9422638384606,73.4122921437125 54.942916563092,73.4115023285378 54.9435414934862,73.4107771133334 54.9441153146497,73.4094752133048 54.9451455313822,73.4077437821401 54.9466241666322,73.4073761481685 54.9469381436978,73.4061878964942 54.9478539636232,73.4059786774173 54.9480153354335,73.40573133604 54.9481575125604,73.4056897993889 54.9481772799734,73.4046095413416 54.9486355001706,73.4043645716362 54.9487491248566,73.4042037665113 54.9488430024999,73.4040339907559 54.9489583326008,73.4028671673241 54.9489129895096,73.4016945750882 54.9492255388662,73.4003504174635 54.9493752994695,73.398430634813 54.9497106085073,73.3941810154326 54.9495757255726,73.3940357823819 54.9498540433963,73.3940065977537 54.9499789463252,73.3939109311745 54.9502438081208,73.3935884706719 54.9509915479592,73.3935438747948 54.9512130445965,73.3935145769856 54.9512780878563,73.3934523160535 54.951410013333,73.3929423917883 54.9527498997886,73.3929467421913 54.9527974123186,73.3929761424408 54.9528315946866,73.3930456862488 54.9528616340814,73.3930770133899 54.9528944937399,73.3930780503797 54.9529428612356,73.3922796502077 54.955131414033,73.3898401047464 54.9549624256938,73.3879135943832 54.954824908435,73.3869445125545 54.9548490837033,73.385440816661 54.9547416728082,73.3853427134759 54.9547306631876,73.3852543407615 54.9547028858481,73.3852036204838 54.9546591610722,73.3851880868687 54.9547271714078,73.3850712125489 54.955242591589,73.3850672212638 54.9552603342205,73.3830377955284 54.9551033072578,73.3825585909127 54.9550660150636,73.3817182809696 54.954951833381,73.3802764610763 54.9547002103934,73.379902898368 54.9546574844431,73.3794915661224 54.9546102993023,73.3794138402106 54.9546013540426,73.3774122362675 54.9545032035238,73.3776714907229 54.9519795873727,73.3771567002838 54.9504625998261,73.3759803557777 54.948763220377,73.3742290713017 54.9473878775631,73.3708975336339 54.94576772571,73.3659328538831 54.9443543651276,73.3597160213015 54.9416806320265,73.357581882423 54.9403314218772,73.3495968276416 54.9324420011085,73.3413355886156 54.9261626456691,73.3335114353097 54.9169884165466,73.3304924267702 54.9110050228211,73.3285291724065 54.9077889617623,73.3279246860089 54.9060433817158,73.3278418785156 54.9034314489665,73.3275686554284 54.9012368967662,73.3257397391194 54.8977879569427,73.3242410150935 54.8939767456679,73.3233814205292 54.8906526702884,73.3219327057802 54.887577592435,73.3152968633567 54.8796648200105,73.3125012032441 54.8746416682723,73.3113114431302 54.8702182597623,73.3116723115133 54.8645600697506,73.3116415019674 54.8640892126801,73.3111782341258 54.8570400869711,73.3114885752439 54.8541653827381,73.312707917506 54.8511388333151,73.3147831637746 54.8480967419275,73.3194837311594 54.8440652802869,73.3260827040184 54.8405099492693,73.3340478441602 54.836051668582,73.3404032896824 54.8302659173533,73.3447694734689 54.8275618360732,73.3507091747007 54.825378092708,73.3574732458799 54.8241645924026,73.364854878336 54.8241107503207,73.3725422798914 54.8247131711332,73.3816458033499 54.8264854314565,73.3977447931694 54.8318623607647,73.4192648650836 54.8397471255485,73.4202751830383 54.8400151710706,73.4224180350574 54.8406888103266,73.4243410326432 54.8414511435983,73.4247379452597 54.8416083680542,73.426230510455 54.8420922153309,73.4283288437055 54.8429068191423,73.4296823835729 54.8434397841701,73.4306088332649 54.8438865032696,73.43269732622 54.8448792205738)),((73.1634097800986 54.9583318098913,73.1633380073056 54.9582685282383,73.1632102500123 54.9582067375778,73.1630577737756 54.9581800760896,73.1628910878642 54.958173872205,73.1627111827645 54.9581972187731,73.1625729660676 54.9582414182977,73.162456427515 54.9583239648147,73.1623869710246 54.9584358049295,73.1623573548252 54.9585713465394,73.1627700115011 54.9615181149623,73.1628137631104 54.961688919931,73.1628645394637 54.9618153401791,73.1635557238865 54.9626615814561,73.1635878138571 54.962725162278,73.1635938516497 54.962791405512,73.1635666318397 54.9628607416069,73.1635061155113 54.962916901587,73.1634067372551 54.9629688792585,73.1619948597407 54.9635446187408,73.1618773959738 54.9635581225546,73.1617688691351 54.9635401234444,73.1616592192415 54.9634954127456,73.1615641929513 54.9634315088888,73.1605702602373 54.9626067413476,73.1612388382455 54.9623980858188,73.1613173785563 54.9623475024881,73.1613666367573 54.9622813763385,73.1613422405597 54.9622170124489,73.1612876670943 54.96213619342,73.1599725420782 54.9605476108289,73.1598439154091 54.9604467054582,73.1589666146068 54.9599566066731,73.1587870618074 54.95984225576,73.1586707675412 54.9597211329746,73.158285973919 54.9592653618959,73.1582229890601 54.9592286352149,73.1581355598085 54.9592072672645,73.1580419975109 54.9592072877955,73.157925153104 54.9592211566176,73.1578235594882 54.9592533224321,73.1553297210242 54.9603749678791,73.1552133972637 54.9603978300904,73.155078389295 54.9604023426383,73.1549470393919 54.9603849796724,73.1548072534939 54.9603574218902,73.1546841744728 54.9603231967255,73.1539702775728 54.9599498697656,73.153839521687 54.9598651040923,73.1526089539883 54.9588516109429,73.1525085326684 54.9587526541812,73.151980333892 54.9582616069274,73.1497115169608 54.9578972340095,73.1493315341784 54.9576927235811,73.1489818004656 54.9574452600853,73.147812327138 54.9562996230845,73.1468953053516 54.9555340640309,73.142178808743 54.9561422939962,73.1400465450866 54.9562613181098,73.1406169352626 54.9612626597363,73.1243598606462 54.9623536871665,73.1228576737975 54.9616754480087,73.1226743378555 54.9615537941234,73.1225495021156 54.9614137189275,73.122480202397 54.9612484357349,73.121073602237 54.9502042898023,73.1218712533251 54.9501144217004,73.1308412671535 54.9496145283525,73.1319136996943 54.9495520988577,73.1394403021648 54.9490982300611,73.1412332925156 54.9489901205036,73.1421184039231 54.9489390276733,73.1796307334769 54.9468509813628,73.1797610361016 54.9481137750786,73.1805850008444 54.9530608119262,73.1802641223709 54.9531045443011,73.1804642370919 54.9540156005995,73.1809000450181 54.9555970053573,73.179929637797 54.9557190984663,73.1795221853005 54.955770341097,73.1797438466412 54.9563394567689,73.1764858473146 54.9565049049285,73.1765508771578 54.9571898697329,73.1722808441448 54.9581088586205,73.172168826505 54.9581129268012,73.1720631719577 54.9581316511796,73.164410099185 54.9598273398874,73.1634097800986 54.9583318098913)))</selection>
       <centroid>POINT(73.4097762099012 54.8916553946846)</centroid>
     </geoObject>
     <geoObject>
       <id>282162171478230</id>
       <project_id>2</project_id>
       <type>place</type>
       <name>Садоводческое товарищество "Берёзка" (Ленинский район)</name>
       <short_name>Садоводческое товарищество "Берёзка" (Ленинский район)</short_name>
       <selection>POLYGON((73.1613697613719 54.947914186198,73.1614507619894 54.9479356345581,73.1615087469459 54.947968688889,73.1615378234398 54.9480124511703,73.1615416168687 54.9480593363956,73.1615273339182 54.9481088244029,73.1612944907555 54.9483144548938,73.161175909787 54.9484081144178,73.1580721036199 54.9507213900237,73.1577992607034 54.950933598337,73.1559318173348 54.9524347838567,73.15569275108 54.9526489380412,73.1554615518502 54.9529026687911,73.1552344220592 54.9518676606508,73.155189327862 54.9517475247546,73.1550661731666 54.9516575725044,73.1549475005385 54.9515993261879,73.1547854071654 54.9515412295758,73.1544121704082 54.9514628498457,73.1542463876976 54.9513932816284,73.154148195837 54.9513141336269,73.1539831090331 54.9510011784011,73.1538453703456 54.9509262831235,73.1535969166181 54.9509023761778,73.1519041719797 54.9484407014104,73.1613697613719 54.947914186198))</selection>
       <centroid>POINT(73.1561351105584 54.949857390949)</centroid>
     </geoObject>
     <geoObject>
       <id>282260955726229</id>
       <project_id>2</project_id>
       <type>station</type>
       <name>Омск, Ленинский районный суд</name>
       <short_name>Ленинский районный суд</short_name>
       <selection>MULTIPOINT(73.3667848547323 54.9323279790348,73.3685796449828 54.9323251207213)</selection>
       <centroid>POINT(73.3667848547323 54.9323279790348)</centroid>
       <attributes>
         <rank>
 <![CDATA[3]]>
</rank>
        <type>
<![CDATA[land]]>
</type>
      </attributes>
    </geoObject>
    <geoObject>
      <id>282157876511110</id>
      <project_id>2</project_id>
      <type>station_platform</type>
      <name>Омск, Ленинский районный суд</name>
      <short_name>Ленинский районный суд</short_name>
      <selection>POINT(73.3667848547323 54.9323279790348)</selection>
      <centroid>POINT(73.3667848547323 54.9323279790348)</centroid>
    </geoObject>
    <geoObject>
      <id>282157876511113</id>
      <project_id>2</project_id>
      <type>station_platform</type>
      <name>Омск, Ленинский районный суд</name>
      <short_name>Ленинский районный суд</short_name>
      <selection>POINT(73.3685796449828 54.9323251207213)</selection>
      <centroid>POINT(73.3685796449828 54.9323251207213)</centroid>
    </geoObject>
    <geoObject>
      <id>282110631999665</id>
      <project_id>2</project_id>
      <type>house</type>
      <name>Омск, Труда, 29а</name>
      <synonym>Ленинский районный суд</synonym>
      <short_name>29а</short_name>
      <selection>POINT(73.3689826415187 54.9315523070093)</selection>
      <centroid>POINT(73.3689826415187 54.9315523070093)</centroid>
      <attributes>
        <city>
<![CDATA[Омск]]>
</city>
        <district>
<![CDATA[Ленинский]]>
</district>
        <street>
<![CDATA[Труда]]>
</street>
        <number>
<![CDATA[29а]]>
</number>
        <street2>
<![CDATA[]]>
</street2>
        <number2>
<![CDATA[]]>
</number2>
        <buildingname>
<![CDATA[Ленинский районный суд]]>
</buildingname>
        <purpose>
<![CDATA[Административное здание]]>
</purpose>
        <elevation>
<![CDATA[3]]>
</elevation>
        <firmcount>
<![CDATA[2]]>
</firmcount>
        <allow_rev_firmcount>
<![CDATA[1]]>
</allow_rev_firmcount>
        <index>
<![CDATA[644121]]>
</index>
        <firmcount_by_rubrics>
          <item>
            <rubric_id>
<![CDATA[281595235795097]]>
</rubric_id>
            <rubric_name>
<![CDATA[Суды]]>
</rubric_name>
            <firmcount>
<![CDATA[1]]>
</firmcount>
          </item>
          <item>
            <rubric_id>
<![CDATA[281595235795466]]>
</rubric_id>
            <rubric_name>
<![CDATA[Банкоматы]]>
</rubric_name>
            <firmcount>
<![CDATA[1]]>
</firmcount>
          </item>
        </firmcount_by_rubrics>
        <microdistrict>
<![CDATA[]]>
</microdistrict>
      </attributes>
    </geoObject>
  </result>
</root>